0 1 0 0 0 1
1 0 1 1 0 0
0 1 0 1 0 0
0 1 1 0 1 0
0 0 0 1 0 1
1 0 0 0 1 0

0 1 0 0 0 1 0 0 0
1 0 1 0 1 0 1 0 1
0 1 0 1 0 1 0 1 0
0 0 1 0 1 0 1 0 0
0 1 0 1 0 0 0 0 0
1 0 1 0 0 0 0 0 0
0 1 0 1 0 0 0 0 0
0 0 1 0 0 0 0 0 0
0 1 0 0 0 0 0 0 0

Пример1
0 0 0 0 0 0 1 0 0 0 0 0
0 0 0 0 0 0 0 1 1 0 0 0
0 0 0 0 0 0 0 1 1 0 0 0
0 0 0 0 0 0 0 1 1 0 0 0
0 0 0 0 0 0 0 1 1 0 0 0
0 0 0 0 0 0 1 0 1 1 1 1
1 0 0 0 0 1 0 0 0 0 0 0
0 1 1 1 1 0 0 0 0 0 0 0
0 1 1 1 1 1 0 0 0 0 0 0
0 0 0 0 0 1 0 0 0 0 0 0
0 0 0 0 0 1 0 0 0 0 0 0
0 0 0 0 0 1 0 0 0 0 0 0

Пример2
0 0 0 0 0 0 1 0 1 0 0 0
0 0 0 0 0 0 0 0 0 1 0 0
0 0 0 0 0 0 0 1 0 0 0 1
0 0 0 0 0 0 0 1 1 1 0 0
0 0 0 0 0 0 1 1 0 0 0 0
0 0 0 0 0 0 0 1 0 1 1 0
1 0 0 0 1 0 0 0 0 0 0 0
0 0 1 1 1 1 0 0 0 0 0 0
1 0 0 1 0 0 0 0 0 0 0 0
0 1 0 1 0 1 0 0 0 0 0 0
0 0 0 0 0 1 0 0 0 0 0 0
0 0 1 0 0 0 0 0 0 0 0 0

Пример3
0 0 0 0 0 0 0 1 0 1 0 1
0 0 0 0 0 0 0 1 0 0 0 0
0 0 0 0 0 0 0 0 1 1 0 0
0 0 0 0 0 0 1 1 1 0 0 0
0 0 0 0 0 0 0 0 1 0 1 0
0 0 0 0 0 0 0 1 1 0 0 0
0 0 0 1 0 0 0 0 0 0 0 0
1 1 0 1 0 1 0 0 0 0 0 0
0 0 1 1 1 1 0 0 0 0 0 0
1 0 1 0 0 0 0 0 0 0 0 0
0 0 0 0 1 0 0 0 0 0 0 0
1 0 0 0 0 0 0 0 0 0 0 0